[32, 8, 16384, 16384]
[32, 32, 4096, 16384]
[32, 32, 8192, 8192]
[32, 32, 16384, 16384]
[32, 64, 8192, 16384]
[32, 64, 16384, 8192]
[32, 64, 16384, 16384]
[64, 1, 512, 512]
[64, 32, 16384, 16384]
[64, 64, 4096, 16384]
[64, 64, 8192, 16384]
[64, 64, 16384, 8192]
[64, 64, 16384, 16384]
[96, 1, 512, 512]
[96, 1, 512, 1024]
[96, 1, 1024, 512]
[96, 2, 512, 512]
[96, 32, 16384, 16384]
[96, 64, 8192, 16384]
[96, 64, 16384, 8192]
[96, 64, 16384, 16384]
[128, 1, 512, 512]
[128, 1, 512, 1024]
[128, 1, 1024, 512]
[128, 1, 2048, 512]
[128, 2, 512, 512]
[128, 32, 16384, 16384]
[128, 64, 8192, 16384]
[128, 64, 16384, 8192]
[128, 64, 16384, 16384]
[160, 1, 512, 512]
[160, 1, 512, 1024]
[160, 1, 512, 2048]
[160, 1, 1024, 512]
[160, 1, 1024, 1024]
[160, 1, 2048, 512]
[160, 2, 512, 512]
[160, 2, 512, 1024]
[160, 2, 1024, 512]
[160, 4, 512, 512]
[160, 32, 16384, 16384]
[160, 64, 8192, 16384]
[160, 64, 16384, 8192]
[160, 64, 16384, 16384]
[192, 1, 512, 512]
[192, 1, 512, 1024]
[192, 1, 512, 2048]
[192, 1, 1024, 512]
[192, 1, 1024, 1024]
[192, 1, 2048, 512]
[192, 1, 4096, 512]
[192, 2, 512, 512]
[192, 2, 512, 1024]
[192, 2, 1024, 512]
[192, 2, 2048, 512]
[192, 4, 512, 512]
[192, 4, 1024, 512]
[192, 32, 16384, 16384]
[192, 64, 8192, 16384]
[192, 64, 16384, 8192]
[192, 64, 16384, 16384]
[224, 1, 512, 512]
[224, 1, 512, 1024]
[224, 1, 512, 2048]
[224, 1, 1024, 512]
[224, 1, 1024, 1024]
[224, 1, 2048, 512]
[224, 1, 2048, 1024]
[224, 1, 4096, 512]
[224, 2, 512, 512]
[224, 2, 512, 1024]
[224, 2, 1024, 512]
[224, 2, 1024, 1024]
[224, 2, 2048, 512]
[224, 4, 512, 512]
[224, 4, 1024, 512]
[224, 32, 16384, 16384]
[224, 64, 8192, 16384]
[224, 64, 16384, 8192]
[224, 64, 16384, 16384]
[256, 1, 512, 512]
[256, 1, 512, 1024]
[256, 1, 512, 2048]
[256, 1, 1024, 512]
[256, 1, 1024, 1024]
[256, 1, 1024, 2048]
[256, 1, 2048, 512]
[256, 1, 2048, 1024]
[256, 1, 4096, 512]
[256, 2, 512, 512]
[256, 2, 512, 1024]
[256, 2, 1024, 512]
[256, 2, 1024, 1024]
[256, 2, 2048, 512]
[256, 4, 512, 512]
[256, 4, 1024, 512]
[256, 32, 16384, 16384]
[256, 64, 8192, 16384]
[256, 64, 16384, 8192]
[256, 64, 16384, 16384]
